10,15
10,14
10,13
10,12
10,11
10,10
10,9
10,8
10,7
10,6
10,5
10,4
8,18
8,17
8,14
8,9
8,7
8,6
8,4
9,5
4,88
4,87
4,86
4,85
4,83
4,82
4,81
4,80
4,79
4,77
4,76
4,75
4,74
4,73
4,71
4,70
4,69
4,67
4,65
4,64
4,38
4,36
4,35
4,34
4,32
4,31
4,30
4,29
4,28
4,27
4,24
4,23
4,22
4,21
4,20
4,19
4,18
4,17
4,16
4,15
4,14
4,13
4,12
4,11
4,10
4,8
4,7
4,6
4,5
6,6
6,7
7,10
7,12
0,278
33,307
33,306
33,305
33,304
33,303
33,302
33,301
33,300
33,299
33,298
33,297
33,296
33,295
33,294
33,293
33,292
33,291
33,290
33,289
33,288
33,287
33,286
33,285
33,284
33,283
33,282
33,281
33,280
33,279
33,278
33,277
33,276
33,275
33,274
33,273
33,272
33,271
33,270
33,269
33,268
33,267
33,266
33,265
33,264
33,263
33,262
33,261
33,260
33,259
33,258
33,257
33,256
33,67
33,66
33,194
33,193
33,192
33,131
33,130
33,129
33,128
33,65
33,64
33,63
33,62
33,61
33,60
33,59
33,58
33,57
33,56
33,55
33,54
33,53
33,52
33,51
33,50
17,2
17,1
17,3
15,2
15,1
15,3
16,2
16,1
16,3
13,2
14,2
4,25
4,26
4,4
4,68
4,72
4,9
4,33
4,78
4,37
4,84
4,1
4,66
4,2
4,3
6,5
6,1
6,4
6,2
6,3
7,7
7,8
7,4
7,11
7,13
7,9
7,1
7,5
7,2
7,3
5,4
5,2
5,1
5,3
0,413
0,412
